     1     24 2 3  6.79629800e-01  1.34565808e+01
     1    213 2 3  8.85810600e-01  1.34565808e+01
     5     85 2 3  5.87118900e-01  1.34565808e+01
     6    108 2 3  4.60089100e-01  1.34565808e+01
     8    116 2 3  8.65781800e-01  1.34565808e+01
    11    116 2 3  5.95904300e-01  1.34565808e+01
    12     15 2 3  5.73343400e-01  8.00987470e+00
    13     16 2 3  6.13299100e-01  8.00987470e+00
    13    109 2 3  5.77675000e-01  8.00987470e+00
    14     17 2 3  5.13349900e-01  1.34565808e+01
    15    109 2 3  1.01231270e+00  1.34565808e+01
    21     26 2 3  4.89352800e-01  1.34565808e+01
    21     28 2 3  6.23866300e-01  1.34565808e+01
    27     71 2 3  1.03302100e+00  1.34565808e+01
    29     71 2 3  7.50928000e-01  1.34565808e+01
    31     86 2 3  6.45293700e-01  3.41537159e+00
    31     88 2 3  9.66892200e-01  3.41537159e+00
    36     40 2 3  6.05601500e-01  1.34565808e+01
    38     43 2 3  4.87904000e-01  1.34565808e+01
    61     91 2 3  6.92778800e-01  1.34565808e+01
    64     86 2 3  8.38143000e-01  1.34565808e+01
    65     86 2 3  8.66028700e-01  1.34565808e+01
    68     86 2 3  8.30689000e-01  1.34565808e+01
    83     96 2 3  1.12565450e+00  1.34565808e+01
    86     92 2 3  7.41544900e-01  1.34565808e+01
    88    174 2 3  7.39403900e-01  8.00987470e+00
    90    181 2 3  6.83346600e-01  1.34565808e+01
    93     98 2 3  8.86712200e-01  1.34565808e+01
    94     97 2 3  5.15697100e-01  1.34565808e+01
    94    181 2 3  9.04716900e-01  1.34565808e+01
   103    192 2 3  8.27553300e-01  1.34565808e+01
   104    191 2 3  5.03008000e-01  1.34565808e+01
   104    193 2 3  8.51986200e-01  1.34565808e+01
   105    213 2 3  8.11633300e-01  1.34565808e+01
   107    213 2 3  1.00307110e+00  1.34565808e+01
   110    196 2 3  5.52183800e-01  1.34565808e+01
   111    116 2 3  6.68595800e-01  8.00987470e+00
   111    199 2 3  5.81450600e-01  1.34565808e+01
   112    115 2 3  5.31100200e-01  8.00987470e+00
   112    116 2 3  6.35034800e-01  8.00987470e+00
   113    117 2 3  5.96106600e-01  8.00987470e+00
   113    118 2 3  8.49697000e-01  8.00987470e+00
   113    168 2 3  7.15597900e-01  8.00987470e+00
   114    117 2 3  4.90562100e-01  8.00987470e+00
   114    118 2 3  6.08041400e-01  8.00987470e+00
   114    119 2 3  8.45493000e-01  8.00987470e+00
   114    165 2 3  8.88384100e-01  8.00987470e+00
   115    118 2 3  5.05618700e-01  1.34565808e+01
   116    168 2 3  9.15946900e-01  1.34565808e+01
   117    122 2 3  8.18753400e-01  2.88768216e+00
   117    165 2 3  6.94975400e-01  1.34565808e+01
   117    168 2 3  8.96342600e-01  1.34565808e+01
   121    161 2 3  5.37104100e-01  2.88768216e+00
   121    164 2 3  7.47289500e-01  2.88768216e+00
   123    134 2 3  4.18957000e-01  1.34565808e+01
   123    159 2 3  7.08859700e-01  2.88768216e+00
   125    159 2 3  1.00870960e+00  2.88768216e+00
   127    154 2 3  6.78218000e-01  1.34565808e+01
   135    143 2 3  7.80849300e-01  1.34565808e+01
   139    143 2 3  6.27717100e-01  1.34565808e+01
   140    143 2 3  4.90939500e-01  1.34565808e+01
   145    151 2 3  5.48915300e-01  1.34565808e+01
   146    152 2 3  5.82620100e-01  1.34565808e+01
   147    151 2 3  7.73050900e-01  1.34565808e+01
   157    160 2 3  5.44732500e-01  2.88768216e+00
   164    169 2 3  8.91382200e-01  1.34565808e+01
   165    168 2 3  5.24447200e-01  1.34565808e+01
   172    175 2 3  5.07625600e-01  8.00987470e+00
   174    179 2 3  9.68504900e-01  8.00987470e+00
   175    179 2 3  6.22652900e-01  1.34565808e+01
   175    180 2 3  8.59012300e-01  1.34565808e+01
   176    180 2 3  6.45438900e-01  1.34565808e+01
   182    191 2 3  7.77537500e-01  1.34565808e+01
   184    191 2 3  9.41173300e-01  1.34565808e+01
   185    192 2 3  7.93374400e-01  1.34565808e+01
   208    213 2 3  8.81993200e-01  1.34565808e+01
   209    212 2 3  5.06475400e-01  1.34565808e+01
    21     27 2 3  5.83269000e-01  1.34565808e+01
    26     82 2 3  6.45578400e-01  1.34565808e+01
    27     81 2 3  4.87747000e-01  1.34565808e+01
    28     33 2 3  9.91910100e-01  3.41537159e+00
    28     82 2 3  4.74222500e-01  1.34565808e+01
    31     68 2 3  7.46297600e-01  3.41537159e+00
    31     84 2 3  6.87176500e-01  3.41537159e+00
    35     53 2 3  8.97509100e-01  1.34565808e+01
    35     64 2 3  8.38235200e-01  3.41537159e+00
    36     53 2 3  8.73447400e-01  1.34565808e+01
    37     43 2 3  8.25984100e-01  1.34565808e+01
    38     42 2 3  5.73294600e-01  1.34565808e+01
    38     44 2 3  7.62601900e-01  1.34565808e+01
    39     43 2 3  6.72445900e-01  1.34565808e+01
    39     49 2 3  6.72907600e-01  1.34565808e+01
    46     49 2 3  5.77418200e-01  1.34565808e+01
    47     50 2 3  6.13308700e-01  1.34565808e+01
    48     53 2 3  9.63514400e-01  1.34565808e+01
    49     52 2 3  5.36768400e-01  1.34565808e+01
    49     59 2 3  6.07273800e-01  1.34565808e+01
    53     59 2 3  7.09854800e-01  1.34565808e+01
    58     88 2 3  8.35201600e-01  3.41537159e+00
    58     89 2 3  9.10424500e-01  3.41537159e+00
    58    175 2 3  9.83749900e-01  3.41537159e+00
    60     65 2 3  8.74497000e-01  1.34565808e+01
    61     64 2 3  5.29588800e-01  1.34565808e+01
    61     66 2 3  8.48853200e-01  1.34565808e+01
    61     89 2 3  7.70685300e-01  1.34565808e+01
    62     65 2 3  5.43407600e-01  1.34565808e+01
    64     92 2 3  8.21403000e-01  1.34565808e+01
    65     70 2 3  8.61073600e-01  1.34565808e+01
    65     92 2 3  6.48160300e-01  1.34565808e+01
    66     69 2 3  5.37210100e-01  1.34565808e+01
    68     83 2 3  9.06012000e-01  1.34565808e+01
    69     73 2 3  6.35023300e-01  1.34565808e+01
    76     79 2 3  6.82100200e-01  1.34565808e+01
    77     80 2 3  5.26194200e-01  1.34565808e+01
    96    103 2 3  9.55728300e-01  1.34565808e+01
