     5     13 2 3  6.29690100e-01  8.00987470e+00
     6    179 2 3  7.72689900e-01  1.34565808e+01
    11    109 2 3  5.97398100e-01  8.00987470e+00
    13     84 2 3  6.76847500e-01  8.00987470e+00
    14     18 2 3  6.59932800e-01  1.34565808e+01
    17     28 2 3  6.51594000e-01  1.34565808e+01
    17     82 2 3  7.35519500e-01  1.34565808e+01
    24    213 2 3  9.07529500e-01  1.34565808e+01
    26     79 2 3  5.75100500e-01  1.34565808e+01
    29     34 2 3  6.76206900e-01  3.41537159e+00
    34     67 2 3  7.15627200e-01  3.41537159e+00
    34     68 2 3  7.70419900e-01  3.41537159e+00
    34     71 2 3  7.36593700e-01  3.41537159e+00
    35     38 2 3  5.29561900e-01  1.34565808e+01
    35     67 2 3  7.37890300e-01  3.41537159e+00
    38     67 2 3  7.45133200e-01  3.41537159e+00
    39     50 2 3  5.04919300e-01  1.34565808e+01
    43     48 2 3  8.56028900e-01  1.34565808e+01
    43     70 2 3  9.99965300e-01  3.41537159e+00
    44     48 2 3  6.45182300e-01  1.34565808e+01
    44     49 2 3  8.84443800e-01  1.34565808e+01
    45     48 2 3  4.87639200e-01  1.34565808e+01
    45     49 2 3  6.10411800e-01  1.34565808e+01
    45     66 2 3  7.51291900e-01  3.41537159e+00
    45     70 2 3  8.75148600e-01  3.41537159e+00
    46     50 2 3  5.90488400e-01  1.34565808e+01
    47     51 2 3  6.40255200e-01  1.34565808e+01
    48     52 2 3  6.65493500e-01  1.34565808e+01
    48     63 2 3  8.19394300e-01  3.41537159e+00
    49     63 2 3  7.41824400e-01  3.41537159e+00
    52     63 2 3  1.01568640e+00  3.41537159e+00
    59     63 2 3  6.44717300e-01  3.41537159e+00
    62     67 2 3  8.86023900e-01  1.34565808e+01
    63     66 2 3  4.97308200e-01  1.34565808e+01
    63     68 2 3  8.75344300e-01  1.34565808e+01
    64     67 2 3  5.17128900e-01  1.34565808e+01
    65     96 2 3  6.62800200e-01  1.34565808e+01
    65     99 2 3  8.13700200e-01  1.34565808e+01
    68    101 2 3  9.00478100e-01  1.34565808e+01
    69     99 2 3  7.85799300e-01  1.34565808e+01
    69    101 2 3  7.59270200e-01  1.34565808e+01
    70     73 2 3  5.28692100e-01  1.34565808e+01
    72     77 2 3  5.49169500e-01  1.34565808e+01
    75     78 2 3  5.08865300e-01  1.34565808e+01
    89    174 2 3  5.47615900e-01  8.00987470e+00
    94     99 2 3  8.81166000e-01  1.34565808e+01
    95     98 2 3  4.88736800e-01  1.34565808e+01
    97    101 2 3  5.32940200e-01  1.34565808e+01
   117    161 2 3  6.09315100e-01  1.34565808e+01
   119    123 2 3  6.53151500e-01  2.88768216e+00
   120    123 2 3  5.07027800e-01  2.88768216e+00
   120    124 2 3  8.68992600e-01  2.88768216e+00
   122    135 2 3  5.25017100e-01  1.34565808e+01
   170    175 2 3  7.27259400e-01  8.00987470e+00
   171    175 2 3  4.82534800e-01  8.00987470e+00
   171    176 2 3  5.93157800e-01  8.00987470e+00
     3     26 2 3  9.31708100e-01  1.34565808e+01
     5     17 2 3  8.06979700e-01  1.34565808e+01
     5     20 2 3  1.08154880e+00  1.34565808e+01
     5    109 2 3  7.41382500e-01  1.34565808e+01
     6    178 2 3  8.00792700e-01  1.34565808e+01
     6    193 2 3  1.01533320e+00  1.34565808e+01
     9    116 2 3  6.99730900e-01  1.34565808e+01
     9    120 2 3  8.37790400e-01  1.34565808e+01
     9    167 2 3  7.01829700e-01  1.34565808e+01
    12     16 2 3  6.31623000e-01  8.00987470e+00
    13     17 2 3  5.99676900e-01  8.00987470e+00
    15     19 2 3  7.26553500e-01  1.34565808e+01
    15    132 2 3  6.29801900e-01  2.88768216e+00
    15    138 2 3  9.33814800e-01  2.88768216e+00
    15    202 2 3  7.98646600e-01  1.34565808e+01
    16    109 2 3  9.82778500e-01  1.34565808e+01
    17     84 2 3  7.10012000e-01  1.34565808e+01
    18    131 2 3  7.41606000e-01  2.88768216e+00
    18    132 2 3  8.96561800e-01  2.88768216e+00
    20    213 2 3  8.99728800e-01  1.34565808e+01
    21     82 2 3  7.62455400e-01  1.34565808e+01
    23    214 2 3  9.95405100e-01  1.34565808e+01
    24    210 2 3  1.01539700e+00  1.34565808e+01
    87    178 2 3  8.14930700e-01  1.34565808e+01
    88    175 2 3  5.18190300e-01  1.34565808e+01
    89     94 2 3  8.81373600e-01  1.34565808e+01
    90     93 2 3  4.92844600e-01  1.34565808e+01
    90     95 2 3  8.52413900e-01  1.34565808e+01
    90    178 2 3  6.42483700e-01  1.34565808e+01
    91     94 2 3  5.03380000e-01  1.34565808e+01
    96    182 2 3  1.21474210e+00  1.34565808e+01
   109    209 2 3  1.03819190e+00  1.34565808e+01
   113    116 2 3  5.64542400e-01  8.00987470e+00
   116    164 2 3  8.01609200e-01  1.34565808e+01
   117    164 2 3  6.64609600e-01  1.34565808e+01
   119    122 2 3  5.75838600e-01  2.88768216e+00
   120    167 2 3  1.15292970e+00  1.34565808e+01
   125    129 2 3  8.54640200e-01  1.34565808e+01
   138    202 2 3  7.44515700e-01  2.88768216e+00
   155    159 2 3  7.15931000e-01  2.88768216e+00
   156    160 2 3  8.41075300e-01  2.88768216e+00
   156    167 2 3  1.37608370e+00  2.88768216e+00
   158    163 2 3  5.85880400e-01  2.88768216e+00
   159    167 2 3  9.94392800e-01  1.34565808e+01
   167    172 2 3  8.78811600e-01  1.34565808e+01
   168    171 2 3  4.93693300e-01  1.34565808e+01
   170    176 2 3  8.92471100e-01  8.00987470e+00
   171    177 2 3  8.98695700e-01  8.00987470e+00
   171    179 2 3  1.14320580e+00  8.00987470e+00
   174    178 2 3  8.10914300e-01  8.00987470e+00
   179    184 2 3  8.58908900e-01  1.34565808e+01
   180    183 2 3  4.96449100e-01  1.34565808e+01
   204    209 2 3  8.68563300e-01  1.34565808e+01
   205    208 2 3  5.24535300e-01  1.34565808e+01
   207    212 2 3  8.98758900e-01  1.34565808e+01
   211    214 2 3  6.00018300e-01  1.34565808e+01
